avg_cross_attn_entropy: 1.2631842861140983
avg_eeg_text_cosine_sim: 0.08591089413865753
bertscore_f1_free: 0.6696686744689941
bon_bertscore_f1: 0.6659886240959167
bon_bertscore_precision: 0.6642012596130371
bon_bertscore_recall: 0.6684842705726624
bon_bleu1: 0.16809077145293494
bon_bleu2: 0.036827733259135596
bon_bleu3: 0.009814191006812328
bon_bleu4: 0.00349127397232358
bon_rouge1: 0.11708054346925542
bon_rouge1_precision: 0.11692119826692533
bon_rouge1_recall: 0.1277288999263605
bon_rouge2: 0.006700690389842493
bon_rouge2_precision: 0.007025476678050975
bon_rouge2_recall: 0.007144263789218531
bon_rougeL: 0.08903940577971055
bon_rougeL_precision: 0.09019534996302829
bon_rougeL_recall: 0.09623748746339954
bon_wer: 1.1963418842747038
free_bertscore_f1: 0.6631596684455872
free_bertscore_precision: 0.6693401336669922
free_bertscore_recall: 0.6578230857849121
free_bleu1: 0.16158222874065198
free_bleu2: 0.0547022593657353
free_bleu3: 0.02308629413369298
free_bleu4: 0.011031787713956165
free_rouge1: 0.12972910777242738
free_rouge1_precision: 0.14740067683360444
free_rouge1_recall: 0.12327243332624897
free_rouge2: 0.018204870106562156
free_rouge2_precision: 0.021062448993304526
free_rouge2_recall: 0.017257649048834565
free_rougeL: 0.10867114017928059
free_rougeL_precision: 0.1237435616055565
free_rougeL_recall: 0.10331013904997624
free_wer: 1.0212584838375705
greedy_bertscore_f1: 0.6696686744689941
greedy_bertscore_precision: 0.6731653213500977
greedy_bertscore_recall: 0.6668452620506287
greedy_bleu1: 0.2158945779635435
greedy_bleu2: 0.06860839361010493
greedy_bleu3: 0.024567438440826036
greedy_bleu4: 0.010839559069300057
greedy_rouge1: 0.16840144506716292
greedy_rouge1_precision: 0.17197605650612935
greedy_rouge1_recall: 0.17684998570672897
greedy_rouge2: 0.018860844252549417
greedy_rouge2_precision: 0.019169661848814315
greedy_rouge2_recall: 0.020108785572686246
greedy_rougeL: 0.12797422869166028
greedy_rougeL_precision: 0.13097044124620136
greedy_rougeL_recall: 0.13478142238777618
greedy_wer: 1.1090302542275394
nuc_bertscore_f1: 0.6661605834960938
nuc_bertscore_precision: 0.6642826795578003
nuc_bertscore_recall: 0.6687472462654114
nuc_bleu1: 0.1825693628236635
nuc_bleu2: 0.04456325548076182
nuc_bleu3: 0.013898708763113627
nuc_bleu4: 0.005150800397169384
nuc_rouge1: 0.1335088029685658
nuc_rouge1_precision: 0.13317251082783307
nuc_rouge1_recall: 0.14511655431517595
nuc_rouge2: 0.009126822933654435
nuc_rouge2_precision: 0.009236107640891144
nuc_rouge2_recall: 0.009759043407841238
nuc_rougeL: 0.10137615993998077
nuc_rougeL_precision: 0.10179605460806944
nuc_rougeL_recall: 0.1098474386843895
nuc_wer: 1.1655124813067985
tf_bertscore_f1: 0.7309501767158508
tf_bertscore_precision: 0.7255175709724426
tf_bertscore_recall: 0.7367547154426575
tf_bleu1: 0.3707887268612279
tf_bleu2: 0.18188937359664967
tf_bleu3: 0.08885254717562002
tf_bleu4: 0.0451757232951846
tf_rouge1: 0.3186943337197073
tf_rouge1_precision: 0.33359716949404983
tf_rouge1_recall: 0.3068343645903852
tf_rouge2: 0.06961858205868879
tf_rouge2_precision: 0.07256511585447142
tf_rouge2_recall: 0.06726577157899474
tf_rougeL: 0.29034270233415665
tf_rougeL_precision: 0.30360867839116945
tf_rougeL_recall: 0.2797810448896278
tf_wer: 0.7801219371908432
